-0.815933 1.9481 0.483119 
3.73289 -0.591593 1.22399 
-0.682843 0.119143 2.31828 
0.354182 -3.25096 -0.541924 
2.24293 -2.54925 0.633132 
1.3929 -3.46637 -0.88174 
1.38122 0.701647 -1.95988 
0.744364 -1.82624 -1.83615 
-0.276024 -2.21968 0.571874 
0.836555 1.58401 1.31749 
2.02477 -1.44761 0.26041 
-1.63525 0.479352 0.0333801 
-0.411491 -1.57189 -3.55033 
-2.08157 -3.1624 0.278375 
0.171256 -1.36016 -1.4589 
-0.749044 0.95237 2.03645 
-1.37455 -0.843446 -0.283584 
-2.53385 -1.94 0.884393 
-2.42797 -2.86966 1.35475 
2.41467 -2.75283 -0.228576 
-2.91474 -2.00615 -0.308866 
1.58711 -2.34515 -2.54191 
-0.844858 -2.8603 1.72521 
-1.34775 -1.56765 1.40318 
-0.401724 -0.727741 0.946441 
-0.975644 -0.0615156 1.40601 
-1.42788 -2.8381 -2.10254 
-2.30462 -2.27597 0.625414 
-0.956361 -1.0116 -1.56382 
1.15839 2.58142 2.2623 
0.195048 -2.32672 1.07221 
1.11654 1.91157 1.44284 
2.91121 1.15361 0.995028 
1.00828 0.716532 3.73204 
0.923708 -0.25376 0.968133 
-3.22575 -0.366277 -1.39402 
-2.39224 -1.15062 1.8772 
1.00174 -1.14569 -3.0631 
-2.56148 1.06929 -0.158077 
-3.34364 0.864156 1.20992 
2.83264 -1.78648 1.20746 
-0.0141323 1.50679 1.84207 
2.93575 -0.637333 -0.155217 
-2.52885 1.25704 -2.22242 
2.88386 1.40621 1.3667 
-2.80959 -2.05338 -0.852432 
2.60833 -1.44707 -2.52129 
-0.223059 2.74795 -1.24537 
1.32202 -0.524747 -0.853438 
-1.36366 0.325373 3.19841 
-2.38751 -0.168017 2.42579 
-2.89552 1.73733 2.13569 
3.43392 -0.115502 0.551712 
2.64642 2.12359 -0.23586 
0.864709 -1.60286 -0.701117 
1.70259 0.862361 -0.162332 
-1.57407 -2.71162 -0.334862 
-1.7668 2.91616 -0.48474 
-2.35774 0.589237 -2.69378 
-0.757567 -2.11444 -0.118031 
1.09986 1.7575 0.272053 
-3.27027 1.06186 1.24186 
0.283823 -2.13115 -0.554574 
-1.65115 3.45899 1.03724 
0.221022 1.61793 -0.0453559 
3.83655 0.00590634 -0.482722 
0.466259 -2.40128 0.372028 
1.25495 -2.43438 -1.59227 
0.148918 1.74117 -0.965052 
0.923835 -1.71488 1.97966 
0.0955794 0.614009 3.76745 
2.15713 1.70419 -0.157687 
-1.88737 -1.90054 1.07706 
3.50705 0.322652 1.12819 
3.31024 -1.19558 -1.79566 
-3.16492 -0.722868 0.384922 
2.31047 0.295183 -1.49719 
3.50806 -0.77326 -1.22797 
-2.05911 2.1156 1.74311 
3.68644 1.18829 0.707946 
-1.76267 -0.474104 2.90849 
-2.26711 1.66361 -1.65371 
-1.98632 -1.68264 -2.74678 
-3.12866 0.779756 0.301306 
1.36102 -0.273078 -1.20589 
1.00898 2.21706 -1.81101 
2.98573 2.24217 0.306509 
3.61038 -0.231776 0.932976 
2.01141 2.45764 -1.79715 
0.0224697 1.55722 -2.09546 
-0.60321 -2.57857 1.58498 
-2.62747 -2.85037 0.764416 
2.56087 -1.19216 1.01307 
2.57192 -0.0209372 -2.65124 
2.72341 -1.87131 -0.451593 
-2.50255 -0.150553 -1.74518 
1.29615 3.12013 -1.23876 
1.02426 0.769826 -0.189173 
0.196299 -0.951446 -3.3997 
-1.36564 2.0957 2.08835 
-0.543094 -3.72968 0.551801 
-0.66995 -3.28068 0.842971 
0.165988 0.0644702 -3.44112 
-0.245377 -2.38006 -3.09118 
-3.32848 -1.52045 1.54776 
1.71869 -0.657069 0.35717 
0.208726 0.23572 2.38948 
3.36517 -0.688233 -0.90414 
0.224636 1.99418 3.04614 
0.788655 2.18572 -2.23707 
-0.296988 0.185858 3.70187 
0.728027 1.55008 2.41461 
1.80174 1.41501 -0.0508038 
0.411047 -1.61629 2.64449 
-0.088309 -2.42761 2.0384 
2.55958 -2.31437 0.0943457 
1.9287 -1.35934 -0.505797 
1.24834 3.24759 -0.773442 
-2.11837 -1.15483 0.54614 
0.382665 -0.0588623 -3.18163 
-0.601188 -1.88829 -1.24331 
-0.805517 -1.58998 3.26296 
-1.06164 -1.63479 0.446509 
0.38696 -2.67938 1.39094 
2.53336 -0.498809 -2.09045 
0.390341 0.875438 1.97349 
0.544655 -1.45817 -2.68724 
1.10098 -2.24957 -2.32751 
-1.85954 2.08157 -1.85901 
0.901177 -0.312057 3.00459 
3.24777 0.94923 2.05578 
2.24739 0.0743868 2.6709 
-2.58538 -0.241195 2.20881 
3.38292 0.969935 -0.702895 
0.167625 0.415151 2.31075 
-2.95149 1.1334 -1.00663 
2.66836 -1.80874 -1.17581 
-0.945087 -1.66251 3.06215 
-0.336596 1.77074 0.287738 
2.79763 -1.13137 2.4201 
1.07541 -3.38704 -1.42208 
-3.49107 -1.0555 -1.58061 
-0.293284 -3.49494 -1.09727 
1.37157 -2.36564 -0.152446 
1.49714 2.0612 -1.21602 
-2.60534 2.9551 -0.664754 
-1.68354 2.02594 -1.07716 
-1.8579 -1.94774 -1.33968 
1.40608 -3.53366 0.880626 
2.74952 2.08597 0.967014 
0.104147 0.892312 -0.488479 
-1.87421 -0.915547 -0.986953 
-2.81594 -0.303826 0.736924 
2.78571 -0.631939 2.78661 
1.85581 0.392022 -1.6699 
1.00995 -1.51934 -1.78683 
-1.16271 0.963427 -1.64122 
1.03862 -2.83238 1.76882 
-2.16455 -1.66273 -0.665317 
0.0845802 1.26811 2.63218 
-0.858937 1.52919 -0.453112 
0.164445 1.90335 -0.837922 
-0.313436 -0.664887 -0.42501 
-3.19984 0.594483 -0.838115 
2.21552 1.79801 1.30656 
-1.90929 0.972145 -0.0171611 
1.88665 -1.48542 -2.75272 
1.83557 1.46626 -2.07699 
0.648793 2.38759 0.0588409 
2.32845 -1.25301 0.45884 
1.98378 -0.544207 -0.0189906 
-3.44397 0.439408 -1.93419 
0.499998 -0.76013 -0.577368 
-0.281392 -0.94587 3.39102 
0.30607 0.0497757 0.267474 
-0.89413 -1.24025 -0.206413 
1.10806 -0.570246 3.78823 
3.00326 -1.37856 -1.54663 
-0.11646 -1.26475 2.62167 
-3.17867 -0.0209412 -0.32511 
-0.521681 -3.56231 -1.19415 
2.10563 -2.64454 0.238771 
-0.399966 1.33868 -2.90121 
0.415989 2.40779 2.32745 
1.54109 2.61514 -1.56683 
-1.02999 -0.702306 0.145374 
-1.09029 2.32366 -1.42533 
-1.56405 0.164644 -2.8479 
-0.945553 -2.05606 1.29339 
0.34772 -3.22614 -1.90165 
-0.293969 2.47675 -0.329073 
0.0617233 -3.05602 0.160058 
0.831118 1.26758 2.44837 
0.398058 2.54109 -2.74016 
2.33825 -1.55354 1.97091 
0.455338 0.219583 0.00437363 
-1.04765 -0.269435 0.761442 
1.36843 1.9466 2.80683 
3.35381 1.90292 0.559928 
-0.362609 0.596204 -2.83566 
1.7889 0.971998 -1.40176 
3.25704 -1.69444 -1.45102 
1.73723 -2.89918 0.822273 
1.96303 -2.50768 1.25524 
-0.87567 -1.0025 3.02277 
0.635335 -3.71889 -1.038 
-1.32433 -0.866153 3.54064 
-0.461524 -0.362053 -1.32864 
-0.152873 1.85917 0.737694 
0.603204 1.23645 2.80062 
0.817762 -3.62967 1.45045 
-0.676501 2.37675 -2.18761 
0.773942 0.514799 1.86575 
-1.46775 -3.06131 -1.78553 
1.3147 2.5296 2.06677 
-3.51664 -0.0483494 1.87958 
-2.15621 1.69602 2.58622 
2.32914 -1.92694 -0.63536 
0.331442 2.91902 0.50291 
0.666159 1.13351 -1.81774 
2.14027 0.394469 0.310052 
-0.945634 -2.0544 0.452793 
0.607892 -3.62814 -0.655779 
-2.99916 1.3851 -1.43431 
2.37291 1.38775 -2.38722 
3.24423 0.99566 0.977836 
-1.06752 2.45465 2.14998 
-1.17743 -1.74015 -1.92676 
0.49045 2.11951 1.43534 
0.618662 2.3663 0.17637 
-1.02033 -1.98884 3.1715 
0.647098 -0.353795 1.92058 
0.441053 1.60111 -1.38166 
-2.22618 -1.9416 0.325208 
2.42073 1.80727 -0.317949 
1.97557 -2.54125 -0.813574 
0.581973 -0.930055 -0.89924 
-1.45195 0.735104 1.39058 
-1.49372 -1.95675 -1.09335 
-0.11112 3.24201 -2.02029 
0.381008 -2.5472 0.818122 
2.35552 1.99061 -1.7555 
-0.11912 -0.708799 -0.434839 
-1.25717 -0.709528 -2.392 
-2.55903 0.103771 -1.13936 
1.01821 1.76136 -2.70809 
0.277725 -0.773719 1.24056 
-3.28328 -1.12058 1.69207 
-0.568516 3.20149 -0.944098 
-1.88234 2.25188 0.82281 
1.31344 -2.12105 1.61198 
0.342653 0.572389 -0.403518 
1.13819 2.60951 -1.59173 
0.69973 1.02622 2.48543 
0.103499 1.38022 -2.15032 
0.61885 3.09393 -1.56538 
2.26153 2.99317 -1.10002 
1.68883 2.39622 -2.48979 
-1.39914 -1.30217 -3.50671 
0.911035 0.934741 0.175478 
-0.901351 -2.91381 1.79305 
-1.43022 -0.583639 2.30988 
-1.78834 -1.15449 2.27653 
1.0902 1.54984 0.827677 
-1.56772 0.569231 1.44483 
2.65973 -2.52813 -1.58481 
2.35496 -2.06053 1.76853 
1.50747 -2.43183 0.736783 
1.38272 -2.43028 -0.950018 
2.51826 0.326573 1.07101 
2.58779 -0.37274 -1.04297 
-2.69727 -0.359575 -1.51661 
1.66349 3.40534 -0.201437 
2.26812 2.83423 -0.389641 
2.40628 0.991908 0.551746 
-2.5608 -0.229702 -0.431022 
3.7742 -1.07892 -0.649319 
3.65361 0.86569 0.899993 
1.70822 3.4971 0.678823 
2.06714 -1.60616 -1.67188 
2.42323 -0.0964819 0.894359 
-2.31964 0.499409 0.591161 
2.37286 -1.05283 2.89057 
-3.03505 0.331241 0.843554 
-0.930936 1.05268 -2.5365 
3.01333 0.153528 -0.387646 
-0.781832 1.83003 -1.74983 
-1.43045 0.448673 -1.44188 
0.157731 -1.39048 2.70608 
0.416228 0.921699 -2.53596 
2.94876 0.775732 -1.1733 
1.51847 1.30346 -2.79262 
2.22672 -2.05222 -2.1209 
-1.74481 -3.1003 1.12167 
-2.7206 1.75274 0.771401 
-0.853958 -0.451339 -3.66868 
-1.3606 2.98786 2.18267 
-2.72841 2.4112 0.514998 
0.328565 0.285099 -3.56154 
-0.21325 0.516201 -0.803379 

-1.02458 2.08156 0.472558 
3.52201 -0.456731 1.21304 
-0.892002 0.253444 2.30706 
0.144841 -3.1159 -0.552101 
2.03227 -2.41416 0.622148 
1.18284 -3.33083 -0.89177 
1.17151 0.835985 -1.96923 
0.535133 -1.69117 -1.84548 
-0.4854 -2.08475 0.561605 
0.626909 1.71814 1.30684 
1.81503 -1.31263 0.250057 
-1.84446 0.613603 0.0232204 
-0.620972 -1.43717 -3.55947 
-2.29052 -3.02701 0.268221 
-0.0381161 -1.22554 -1.46839 
-0.958035 1.0863 2.02552 
-1.5833 -0.709196 -0.293486 
-2.74214 -1.80539 0.873587 
-2.63673 -2.73463 1.34378 
2.20416 -2.61704 -0.238699 
-3.1231 -1.87121 -0.319068 
1.37704 -2.20992 -2.55101 
-1.05781 -2.72847 1.7189 
-1.55687 -1.43325 1.39228 
-0.611119 -0.593155 0.935771 
-1.18478 0.0726521 1.39518 
-1.63688 -2.70339 -2.11174 
-2.51345 -2.14068 0.615073 
-1.16531 -0.877076 -1.57334 
0.94916 2.71446 2.25056 
-0.014365 -2.19223 1.06128 
0.906207 2.04486 1.43193 
2.70123 1.28741 0.984496 
0.79833 0.8506 3.72068 
0.713717 -0.119438 0.957423 
-3.43409 -0.23175 -1.40377 
-2.60096 -1.01592 1.86637 
0.791751 -1.01118 -3.07222 
-2.77026 1.20304 -0.168311 
-3.55156 0.999619 1.19949 
2.62191 -1.65156 1.1966 
-0.223176 1.64035 1.8314 
2.72524 -0.502691 -0.165646 
-2.73767 1.39094 -2.23191 
2.67356 1.53971 1.35536 
-3.01816 -1.91842 -0.862088 
2.39794 -1.3125 -2.53037 
-0.432378 2.8811 -1.25528 
1.11214 -0.390241 -0.863529 
-1.57269 0.459348 3.18717 
-2.59698 -0.0339874 2.41423 
-3.10418 1.87128 2.12484 
3.22337 0.0189131 0.541641 
2.43573 2.25681 -0.245869 
0.655011 -1.46805 -0.710956 
1.49253 0.996567 -0.172412 
-1.78306 -2.57623 -0.344837 
-1.97573 3.04957 -0.494908 
-2.56656 0.723472 -2.70303 
-0.966856 -1.97931 -0.12791 
0.890035 1.89105 0.26179 
-3.47931 1.19422 1.23084 
0.0743743 -1.9961 -0.564628 
-1.86034 3.59224 1.02679 
0.0116359 1.75173 -0.0556809 
3.62571 0.140069 -0.49286 
0.256541 -2.26626 0.362076 
1.04519 -2.29928 -1.60187 
-0.0601492 1.8763 -0.974069 
0.713974 -1.58017 1.96865 
-0.113928 0.748045 3.75595 
1.94726 1.83791 -0.168141 
-2.09637 -1.76581 1.06631 
3.29629 0.457036 1.11725 
3.0993 -1.06134 -1.80484 
-3.37324 -0.588278 0.374642 
2.09995 0.429372 -1.50682 
3.29703 -0.638867 -1.23728 
-2.26808 2.24928 1.73247 
3.47539 1.32177 0.697974 
-1.97144 -0.339721 2.89715 
-2.4759 1.79732 -1.66353 
-2.19521 -1.54793 -2.75612 
-3.33705 0.913762 0.291227 
1.15106 -0.138806 -1.21528 
0.799268 2.35089 -1.82056 
2.77531 2.37543 0.29627 
3.39948 -0.0972826 0.922245 
1.80076 2.59109 -1.8066 
-0.186238 1.68936 -2.1054 
-0.813039 -2.44388 1.57426 
-2.83612 -2.71508 0.75405 
2.35039 -1.05772 1.00223 
2.36172 0.113283 -2.66029 
2.51243 -1.73647 -0.461938 
-2.71169 -0.0165427 -1.75427 
1.08627 3.25321 -1.24871 
0.814398 0.904192 -0.199082 
-0.0130628 -0.816756 -3.40895 
-1.57461 2.22962 2.07754 
-0.752481 -3.59388 0.541658 
-0.879193 -3.14531 0.83247 
-0.0427003 0.199159 -3.45014 
-0.454687 -2.24511 -3.1005 
-3.53697 -1.38543 1.53726 
1.50902 -0.522573 0.346395 
-0.000989087 0.371928 2.37751 
3.15471 -0.554034 -0.914567 
0.01516 2.12776 3.03477 
0.579235 2.31931 -2.24631 
-0.50621 0.320163 3.69055 
0.518227 1.6827 2.40387 
1.5919 1.54879 -0.0611715 
0.200675 -1.48117 2.63345 
-0.297961 -2.29264 2.02711 
2.34881 -2.17932 0.0839348 
1.71882 -1.22485 -0.515948 
1.03863 3.38062 -0.78375 
-2.32701 -1.02039 0.535636 
0.172699 0.0758651 -3.1915 
-0.810512 -1.75324 -1.25301 
-1.01552 -1.45563 3.25061 
-1.27072 -1.50032 0.436206 
0.177169 -2.54404 1.37987 
2.32308 -0.36445 -2.09988 
0.180918 1.00958 1.96291 
0.33515 -1.32343 -2.69657 
0.891507 -2.11449 -2.33665 
-2.06852 2.21515 -1.86849 
0.691324 -0.177504 2.99344 
3.03731 1.08325 2.04464 
2.03738 0.208672 2.65968 
-2.79363 -0.106814 2.19846 
3.17205 1.10383 -0.712892 
-0.0413822 0.547971 2.30032 
-3.16002 1.26728 -1.01664 
2.45799 -1.67383 -1.18581 
-1.15371 -1.52767 3.05206 
-0.545719 1.90438 0.277435 
2.58727 -0.996697 2.40917 
0.865508 -3.25164 -1.43154 
-3.69969 -0.920739 -1.59041 
-0.503398 -3.35989 -1.10756 
1.1617 -2.23045 -0.162648 
1.28709 2.1951 -1.22611 
-2.81413 3.08861 -0.674784 
-1.89231 2.15946 -1.08714 
-2.06661 -1.81281 -1.34918 
1.19609 -3.39802 0.870088 
2.53911 2.21924 0.956208 
-0.104887 1.02603 -0.498461 
-2.08302 -0.781118 -0.996636 
-3.02476 -0.169421 0.726309 
2.5753 -0.497763 2.7755 
1.64583 0.526397 -1.6794 
0.800019 -1.38506 -1.79644 
-1.37187 1.09746 -1.65091 
0.828672 -2.6972 1.75766 
-2.37327 -1.52795 -0.675194 
-0.124329 1.40197 2.62086 
-1.0679 1.66305 -0.463284 
-0.0450652 2.0356 -0.848955 
-0.520906 -0.530994 -0.43505 
-3.40825 0.728554 -0.84818 
2.00533 1.93152 1.29558 
-2.11834 1.10585 -0.0273979 
1.67678 -1.35081 -2.76175 
1.62537 1.60014 -2.08642 
0.437731 2.51978 0.0533907 
2.11782 -1.1185 0.448204 
1.77362 -0.40984 -0.0289618 
-3.65235 0.573596 -1.9438 
0.290321 -0.625824 -0.587807 
-0.491115 -0.811426 3.37956 
0.0968445 0.184551 0.256557 
-1.10334 -1.10536 -0.216477 
0.898022 -0.435632 3.77693 
2.79324 -1.24405 -1.55631 
-0.325361 -1.13039 2.61093 
-3.38698 0.113426 -0.335213 
-0.729824 -3.42662 -1.20342 
1.89561 -2.50906 0.228522 
-0.609197 1.47248 -2.91031 
0.206618 2.54109 2.31652 
1.3306 2.7484 -1.57653 
-1.23903 -0.56807 0.135123 
-1.29913 2.45693 -1.43528 
-1.7731 0.298902 -2.85718 
-1.15478 -1.92122 1.28258 
0.13823 -3.09106 -1.911 
-0.502993 2.61004 -0.339173 
-0.147881 -2.92046 0.149925 
0.619909 1.40132 2.43752 
0.188739 2.67453 -2.74938 
2.12815 -1.41906 1.95993 
0.24553 0.353702 -0.00559077 
-1.2567 -0.135149 0.75097 
1.15809 2.08019 2.79556 
3.14293 2.03656 0.549517 
-0.571942 0.730508 -2.8448 
1.57874 1.10588 -1.41162 
3.04601 -1.55918 -1.46099 
1.52713 -2.76342 0.81152 
1.75266 -2.37261 1.24413 
-1.08492 -0.868292 3.01178 
0.425702 -3.58315 -1.04739 
-1.53335 -0.731754 3.52909 
-0.670956 -0.227673 -1.33818 
-0.362271 1.99285 0.726753 
0.393586 1.37035 2.78825 
0.60806 -3.49414 1.43974 
-0.885611 2.5102 -2.19694 
0.563817 0.649267 1.8551 
-1.67668 -2.92585 -1.79553 
1.10382 2.66322 2.05677 
-3.72513 0.0858895 1.86872 
-2.36514 1.82998 2.57516 
2.11916 -1.792 -0.64534 
0.121951 3.05192 0.492221 
0.45639 1.26785 -1.82726 
1.93019 0.528792 0.299714 
-1.15474 -1.91903 0.442387 
0.398086 -3.49246 -0.666345 
-3.20761 1.51869 -1.44395 
2.16237 1.52173 -2.39644 
3.03361 1.1299 0.967187 
-1.27698 2.58805 2.1391 
-1.38656 -1.6053 -1.93616 
0.281072 2.25245 1.42442 
0.410221 2.50042 0.161089 
-1.22929 -1.85304 3.16021 
0.437199 -0.219168 1.90962 
0.231338 1.73502 -1.39147 
-2.43494 -1.80702 0.315466 
2.20992 1.94093 -0.327648 
1.76546 -2.40587 -0.823484 
0.372342 -0.795374 -0.908588 
-1.66186 0.867736 1.38029 
-1.70302 -1.82173 -1.10319 
-0.320331 3.37523 -2.02977 
0.171013 -2.41185 0.807675 
2.1447 2.12446 -1.76523 
-0.330335 -0.57383 -0.444796 
-1.4663 -0.5751 -2.40135 
-2.76811 0.237878 -1.14936 
0.808347 1.89519 -2.71697 
0.067988 -0.639087 1.22978 
-3.49184 -0.986348 1.68114 
-0.777558 3.33456 -0.954205 
-2.0915 2.38535 0.812247 
1.10346 -1.9861 1.60103 
0.132945 0.706753 -0.413642 
0.928657 2.7427 -1.60142 
0.489957 1.16156 2.47427 
-0.106582 1.51573 -2.15917 
0.409439 3.22678 -1.57518 
2.05111 3.12645 -1.10992 
1.47864 2.52963 -2.49874 
-1.60822 -1.1675 -3.51599 
0.701436 1.06875 0.164778 
-1.10626 -2.77442 1.77696 
-1.63933 -0.449285 2.2991 
-1.9972 -1.01966 2.26562 
0.880259 1.68359 0.817113 
-1.77562 0.704488 1.43371 
2.44929 -2.39273 -1.59447 
2.14463 -1.92532 1.7575 
1.29777 -2.29688 0.726398 
1.17303 -2.29523 -0.959862 
2.30807 0.460656 1.05992 
2.37754 -0.238411 -1.05278 
-2.90589 -0.224575 -1.52631 
1.45359 3.53847 -0.211863 
2.05789 2.96752 -0.399983 
2.19626 1.12581 0.541286 
-2.76968 -0.0952518 -0.441102 
3.56313 -0.944017 -0.659611 
3.44236 1.00021 0.889244 
1.49828 3.63026 0.668176 
1.85735 -1.4715 -1.68148 
2.21314 0.0381475 0.883602 
-2.52868 0.633549 0.580632 
2.16298 -0.918151 2.87939 
-3.24353 0.465595 0.832967 
-1.13973 1.18674 -2.54582 
2.80274 0.287702 -0.397707 
-0.990999 1.96382 -1.75948 
-1.63936 0.582965 -1.45168 
-0.0521633 -1.25576 2.69461 
0.206562 1.05598 -2.54511 
2.73825 0.90976 -1.18282 
1.30845 1.43761 -2.80165 
2.01647 -1.91719 -2.13029 
-1.95383 -2.96489 1.1111 
-2.92929 1.88636 0.760884 
-1.06306 -0.316921 -3.67784 
-1.56971 3.1211 2.17182 
-2.93721 2.54467 0.504639 
0.118454 0.418659 -3.5702 
-0.422315 0.650474 -0.813098 
