561.757 0.0406367
1030.03 0.0365039
627.362 0.0366862
859.385 0.0383183
895.521 0.0365619
995.149 0.0419635
647.719 0.0394633
698.573 0.0403421
598.549 0.0407109
576.586 0.0401842
648.857 0.0411347
441.872 0.0393642
1012.25 0.0382026
984.192 0.0362218
518.994 0.0366492
614.404 0.0410289
424.484 0.0368782
858.532 0.0377188
1035.92 0.0354284
951.222 0.039254
920.829 0.0406414
986.544 0.040107
893.28 0.0397618
647.785 0.0352356
326.58 0.0400713
443.989 0.0375129
987.695 0.0388782
855.249 0.0363753
542.76 0.043173
939.297 0.0416823
666.123 0.037882
685.156 0.0367834
851.933 0.0377637
1019.41 0.038505
353.149 0.0347972
915.975 0.0390405
842.923 0.0396357
886.746 0.0374273
720.8 0.0353827
948.73 0.0391467
923.001 0.0360125
617.073 0.0393758
779.94 0.0389226
931.687 0.0361827
904.224 0.037726
928.863 0.0373764
1012.6 0.0393588
784.349 0.0349335
430.06 0.038332
905.428 0.039639
883.53 0.0363796
1035.89 0.0420052
902.257 0.0390697
881.896 0.042994
505.94 0.0431223
496.65 0.0387798
817.47 0.0396311
892.899 0.0421605
940.582 0.041882
583.086 0.0376535
542.199 0.0423884
947.799 0.039067
575.624 0.0371094
1029.5 0.0360402
423.573 0.0395245
1002.57 0.0382898
641.468 0.0434585
821.343 0.0364749
517.594 0.041076
720.078 0.0409941
990.013 0.0403643
713.962 0.0365573
748.457 0.03724
958.852 0.0390347
1024.4 0.0350231
847.55 0.0378843
717.908 0.0380286
984.284 0.0374099
888.904 0.038726
1020.89 0.0422392
890.278 0.0412501
845.766 0.0364782
981.104 0.0403575
839.594 0.0433293
476.732 0.0387479
786.974 0.0398182
971.387 0.0420662
968.705 0.0361893
946.1 0.0385699
676.893 0.0325517
800.155 0.0338917
1024.4 0.0349554
778.072 0.0376504
957.684 0.0426093
864.679 0.0387789
791.928 0.0366352
933.032 0.0400291
335.853 0.0410944
916.675 0.0427026
844.866 0.0408634
987.565 0.0413581
895.187 0.0376715
893.331 0.0409271
1013.42 0.0408605
1030.09 0.0386106
485.986 0.0393067
624.907 0.0420009
920.893 0.0363923
945.801 0.0403123
836.282 0.0386493
964.1 0.0409805
767.555 0.0394578
594.166 0.0380143
810.61 0.0372025
822.172 0.0362117
895.005 0.0427562
625.671 0.0361024
924.114 0.0410947
641.315 0.0399794
830.951 0.0393895
606.479 0.0389011
963.974 0.0375107
518.43 0.0411889
789.103 0.0376567
861.325 0.0366071
568.869 0.0398671
805.116 0.0376931
886.415 0.0420181
869.469 0.0394588
817.336 0.0437504
1026.55 0.0378611
905.262 0.0413124
883.836 0.0373498
930.473 0.0371075
610.284 0.0378746
860.215 0.0445568
889.642 0.0344562
936.024 0.0402072
473.259 0.0351464
1002.96 0.0395722
992.348 0.0392313
1030.52 0.0358569
952.728 0.0384927
710.044 0.0395717
731.911 0.0407994
1035.84 0.0398503
737.824 0.0409867
779.487 0.033314
1012.11 0.0370593
929.307 0.0357302
265.14 0.0411094
598.224 0.0395837
758.745 0.0347741
1034.67 0.038614
655.208 0.0368503
662.053 0.0377736
578.188 0.0369599
906.694 0.0361915
728.322 0.0410976
757.875 0.0397327
469.668 0.037524
540.884 0.0413599
220.086 0.0385243
871.306 0.0357849
813.689 0.0339234
555.494 0.0373201
947.044 0.0424621
813.015 0.0362797
641.688 0.0337747
695.814 0.038475
533.38 0.0422392
1030.36 0.0417544
279.351 0.0380231
915.678 0.0397873
106.229 0.0429089
399.945 0.0400999
1033.98 0.0392596
945.958 0.039741
755.294 0.040667
828.404 0.0401699
983.395 0.0421321
878.614 0.0371978
834.852 0.0370602
874.967 0.0418495
885.675 0.039016
325.356 0.044201
761.184 0.0384237
843.427 0.0377987
675.781 0.0380218
975.068 0.0368108
652.281 0.0458886
793.539 0.0388811
746.634 0.0348275
974.385 0.0394403
889.341 0.0403143
131.115 0.0395196
342.958 0.0407252
954.08 0.0361578
1010.28 0.0389682
757.092 0.0387578
640.878 0.0374871
1023.53 0.0347683
901.831 0.0374879
887.503 0.0363276
856.342 0.0382878
1014.47 0.0394832
1005.49 0.0370475
376.502 0.0370029
520.14 0.0395777
809.037 0.0379943
1035.34 0.0399983
855.668 0.0390813
540.488 0.0397062
994.46 0.0411338
912.994 0.0393807
1033.87 0.0372459
977.505 0.0414191
800.867 0.0382509
772.792 0.0358869
581.633 0.0410065
569.991 0.0398961
597.949 0.0409396
968.774 0.0358836
933.714 0.03919
943.952 0.0383246
915.696 0.0422265
890.17 0.0397638
739.054 0.0379249
675.779 0.0300428
635.817 0.0388842
1005.98 0.0375157
533.429 0.0385607
560.12 0.0355679
770.441 0.040865
787.599 0.0326681
860.77 0.0388394
367.761 0.0402575
555.003 0.039977
698.303 0.0399807
990.823 0.0425627
700.619 0.0336206
920.066 0.0361897
217.74 0.0395245
724.3 0.0371034
726.726 0.0351391
878.177 0.0374952
385.859 0.0370848
1000.72 0.0366905
877.862 0.0417302
790.297 0.0330829
770.099 0.0419
202.164 0.0344574
845.669 0.0389685
720.428 0.0386818
663.002 0.0375171
913.202 0.0353306
1013.63 0.039319
997.195 0.0394003
1035.4 0.0404609
341.517 0.0433659
917.277 0.0380815
720.456 0.0417278
808.044 0.0421744
536.155 0.0378847
572.118 0.0400601
1036.32 0.0386163
931.914 0.0400824
766.001 0.04425
765.62 0.0389599
714.58 0.0376207
729.815 0.0382304
807.622 0.0428931
984.039 0.0400651
946.605 0.0393601
689.849 0.0407254
675.858 0.0387646
1031.57 0.0393159
1001.11 0.037971
1024.35 0.0360271
805.307 0.0433507
670.202 0.0380061
633.982 0.0372623
1007.33 0.0412988
821.197 0.0415921
751.781 0.0416991
788.729 0.0385807
687.034 0.0352513
539.241 0.0390574
789.874 0.0409484
707.83 0.0371279
847.067 0.0430228
890.748 0.0379868
958.507 0.0353887
967.083 0.0404035
862.571 0.0369363
983.533 0.0421775
1022.17 0.0383161
953.435 0.0367116
930.231 0.0383762
253.662 0.0371079

613.734 0.10616
972.864 0.112992
644.553 0.078083
821.157 0.0986718
833.733 0.117303
944.928 0.13075
632.267 0.102748
663.48 0.136096
573.637 0.0829216
582.792 0.024989
584.295 0.0743169
503.939 0.0625442
1007.98 0.128539
986.412 0.140728
495.826 0.106593
645.508 0.0775786
456.036 0.105066
880.61 0.139623
1044.49 0.132244
889.034 0.154967
947.329 0.142714
944.859 0.15122
880.628 0.532387
656.625 0.0793749
327.979 0.055152
474.844 0.0616589
985.254 0.141472
870.499 0.137851
556.052 0.111258
946.557 0.146007
631.409 0.0639441
688.429 0.0811094
816.7 0.0219105
1010.84 0.0732277
311.123 0.0322589
963.513 0.147387
870.625 0.109577
863.132 0.122547
784.107 0.0998378
1005.68 0.199584
861.06 0.105257
639.992 0.075454
719.665 0.0742244
984.04 0.124501
873.559 0.0923578
953.543 0.149571
965.577 0.131077
822.333 0.097106
378.762 0.0534127
928.987 0.0908172
919.214 0.0985085
1089.17 0.0991212
847.364 0.076795
863.094 0.112676
455.621 0.0790251
467.416 0.045293
817.009 0.136307
950.646 0.0940985
984.237 0.131287
571.924 0.114491
546.052 0.0463431
1005.53 0.161363
538.038 0.0974602
1081.97 0.0822241
454.374 0.043405
949.224 0.09611
598.623 0.0866653
775.254 0.120867
548.356 0.164745
680.064 0.068715
993.236 0.0837491
695.562 0.0264242
762.373 0.0973111
910.001 0.0860756
969.518 0.146258
892.869 0.135199
679.159 0.0941016
927.723 0.143704
942.023 0.0850309
980.695 0.123255
912.645 0.110207
902.736 0.109348
997.594 0.132972
900.031 0.12378
435.354 0.0959574
798.183 0.0801969
950.107 0.0882657
913.444 0.0960084
942.515 0.119089
701.302 0.194754
782.536 0.0586214
1036.32 0.149715
716.878 0.0696633
922.609 0.121377
800.657 0.116508
837.184 0.132498
946.177 0.1036
319.695 0.0586274
908.666 0.12347
889.269 0.0767126
962.062 0.15014
873.629 0.122323
895.879 0.161873
999.257 0.128963
1062.25 0.139962
423.654 0.0437689
623.768 0.214877
863.534 0.055124
960.813 0.0946389
850.327 0.123766
969.243 0.0883789
772.408 0.123022
576.027 0.0252218
784.935 0.117473
797.025 0.103219
830.832 0.111669
563.264 0.0548183
939.038 0.0896318
673.104 0.0986372
828.808 0.0799875
596.747 0.114465
960.005 0.155807
522.054 0.0732665
751.581 0.121527
817.23 0.102908
574.208 0.0344261
783.456 0.117898
848.911 0.141233
922.933 0.121582
797.764 0.06884
989.845 0.0744926
870.234 0.0597687
921.941 0.13839
890.04 0.0953987
613.155 0.127703
921.064 0.10954
829.899 0.100621
934.032 0.123686
518.564 0.0699725
952.2 0.0788964
947.86 0.140599
1070.82 0.135146
926.33 0.0905535
653.259 0.0916381
732.275 0.0407407
1097.2 0.104262
795.852 0.100962
793.708 0.15438
960.642 0.132897
908.664 0.0809371
296.916 0.0813513
631.849 0.11136
807.566 0.0960203
989.981 0.0720895
624.636 0.0932582
623.509 0.0822929
624.91 0.0929518
861.71 0.11342
752.269 0.120102
771.174 0.108097
526.211 0.082893
571.748 0.165262
223.211 0.202622
929.792 0.127918
796.106 0.0609086
619.476 0.0779116
907.757 0.128038
801.319 0.093945
662.979 0.47983
631.619 0.0748276
471.965 0.0547015
1082.74 0.137728
234.965 0.0259316
909.924 0.0895231
85.7227 0.0821407
408.66 0.0907977
1012.74 0.0809341
889.458 0.0821172
742.398 0.0838198
882.713 0.133565
960.146 0.216909
817.294 0.121909
860.054 0.135214
892.989 0.0872558
890.814 0.107244
355.033 0.0640502
810.823 0.110478
875.075 0.123417
669.442 0.0866924
942.685 0.13491
694.609 0.0975283
758.957 0.127964
746.378 0.112507
995.482 0.130565
835.379 0.0649922
111.655 0.0410688
381.091 0.0663309
951.9 0.0836702
981.233 0.0934644
775.629 0.120622
619.347 0.0603907
964.434 0.15179
844.991 0.14119
829.853 0.107788
859.869 0.0681565
973.898 0.168377
1015.32 0.11327
392.432 0.0943971
557.845 0.0655302
811.709 0.155938
992.223 0.126261
894.646 0.128467
530.115 0.0439999
990.299 0.142644
918.117 0.101217
1080.57 0.114881
1023.05 0.087869
738.629 0.0882911
801.964 0.102525
588.559 0.0810427
524.642 0.0324883
591.71 0.120979
927.37 0.136179
993.164 0.138238
925.032 0.12384
875.867 0.0690147
931.254 0.0696546
744.408 0.130214
694.673 0.0935809
658.27 0.435424
1001.62 0.178488
511.019 0.0578427
579.665 0.0664454
790.251 0.114774
767.156 0.110282
802.428 0.125836
327.466 0.11083
603.551 0.126689
706.836 0.105754
1024.34 0.119489
660.77 0.113802
906.518 0.10366
206.758 0.140661
744.384 0.118269
779.402 0.0847634
883.884 0.134584
359.697 0.0520834
1036.64 0.11233
921.404 0.110516
848.924 0.0774362
720.511 0.078961
215.102 0.049687
857.78 0.10242
719.962 0.116506
684.465 0.185596
936.827 0.117122
1011.12 0.0978313
998.21 0.13608
1046.92 0.128319
334.181 0.0287699
899.873 0.814935
741.21 0.0680767
826.32 0.107879
536.152 0.0233681
619.06 0.19781
979.075 0.140538
875.044 0.109203
709.363 0.0689876
712.988 0.102058
669.163 0.055846
676.884 0.0730616
852.805 0.139194
993.201 0.0809065
941.885 0.0766947
655.042 0.0254445
727.421 0.0942521
970.678 0.120488
957.412 0.122186
1032.74 0.0723037
753.213 0.0897355
617.872 0.0592442
692.326 0.0724664
963.466 0.0816549
876.416 0.112561
785.732 0.126949
737.623 0.0697409
730.181 0.0973338
587.361 0.0982588
770.739 0.0947915
716.262 0.117551
808.384 0.0972721
883.93 0.128646
908.351 0.132405
964.424 0.130802
924.465 0.0982794
995.78 0.127201
1066.4 0.0933576
1015.87 0.103248
932.228 0.168029
291.23 0.0959288

